 * Geometry of the atmosphere [Altitude of the top of the fictive layers (BA, MA, HA, Sensor), Nb of layers (BA, MA, HA), layer of the sensor, Nb of MA horizontal cells, Cells size (MAx, MAy, MAz, HAz)] *
4.00000000000000008327e-02	4.00003999999999996362e+03	8.40000399999999935972e+04	3.00003999999999996362e+03	1	8	40	6	1	1	4.00000000000000000000e+00	4.00000000000000000000e+00	5.00000000000000000000e+02	2.00000000000000000000e+03	
 * Temperature per layer (Average Temperature, Linear Coeff[2])*
0	2.86524869999999964421e+02	-6.49999999999988607724e-03	2.88149869999999964421e+02
1	2.83274870000000021264e+02	-6.50000000000011332602e-03	2.84899870000000021264e+02
2	2.80024869999999964421e+02	-6.49999999999988607724e-03	2.81649869999999964421e+02
3	2.76774870000004000303e+02	-6.49999960000013747574e-03	2.78399870000000021264e+02
4	2.73527370199999950273e+02	-6.48999999999989515831e-03	2.75149870199999952547e+02
5	2.70282370200000059413e+02	-6.49000000000000878270e-03	2.71904870200000004843e+02
6	2.67037370199999998022e+02	-6.49000000000000878270e-03	2.68659870200000000295e+02
7	2.63792370200000050318e+02	-6.49000000000000878270e-03	2.65414870199999995748e+02
0	2.55679870200000010527e+02	-6.48999999999999317019e-03	2.62169870199999991200e+02
1	2.42699870200000987097e+02	-6.48999989999998663087e-03	2.49189870200000001432e+02
2	2.29729870399999981601e+02	-6.48000000000000398598e-03	2.36209870400000028212e+02
3	2.18359934000648024721e+02	-3.29993520000000737508e-03	2.23249870400000020254e+02
4	2.16650000000000005684e+02	0.00000000000000000000e+00	2.16650000000000005684e+02
5	2.16650000000000005684e+02	0.00000000000000000000e+00	2.16650000000000005684e+02
6	2.16650000000000005684e+02	0.00000000000000000000e+00	2.16650000000000005684e+02
7	2.16650000000092973096e+02	9.29999998788844022751e-09	2.16650000000000005684e+02
8	2.17595019200006987603e+02	9.60000700000023248111e-04	2.16650018599999981461e+02
9	2.19567519899999012978e+02	9.94999899999996287314e-04	2.18570020000000027949e+02
10	2.21550519820000232585e+02	9.91000020000001348441e-04	2.20560019800000020496e+02
11	2.23534019840000013346e+02	9.91999999999990285382e-04	2.22542019840000023123e+02
12	2.25518019840100805595e+02	9.92010080000000097830e-04	2.24526019840000003569e+02
13	2.28510040000000003602e+02	2.00000000000000004163e-03	2.26510040000000003602e+02
14	2.32510040000000003602e+02	2.00000000000000351108e-03	2.30510040000000003602e+02
15	2.36702047680076788083e+02	2.38400767999998215718e-03	2.34510040000000003602e+02
16	2.42046055359999968459e+02	2.76800000000000049477e-03	2.39278055359999967777e+02
17	2.47582055359999401389e+02	2.76799994000000984182e-03	2.44814055359999969141e+02
18	2.53112055240000017875e+02	2.76200000000002875503e-03	2.50350055239999988999e+02
19	2.58636055240000018784e+02	2.76199999999998625430e-03	2.55874055240000046751e+02
20	2.63794040599853587992e+02	2.02998536000001178134e-03	2.61398055240000019239e+02
21	2.66756025959999988117e+02	1.29799999999994503108e-03	2.65458025960000043142e+02
22	2.69352025959672516819e+02	1.29796726000003552134e-03	2.68054025959999933093e+02
23	2.68673960480000005191e+02	-1.97599999999999902459e-03	2.70649960480000004281e+02
24	2.64721960480000007010e+02	-1.97599999999999902459e-03	2.66697960480000006100e+02
25	2.60576452739922615365e+02	-2.36300774000002900346e-03	2.62745960480000007919e+02
26	2.55269944999999978563e+02	-2.74999999999997165115e-03	2.58019944999999950142e+02
27	2.49769945000000717528e+02	-2.74999993000000142115e-03	2.52519945000000006985e+02
28	2.44276945140000009360e+02	-2.74299999999999500819e-03	2.47019945140000004358e+02
29	2.38790945140000019364e+02	-2.74299999999999500819e-03	2.41533945140000014362e+02
30	2.33304945140000029369e+02	-2.74299999999999934500e-03	2.36047945140000024367e+02
31	2.27818945140000039373e+02	-2.74299999999999500819e-03	2.30561945140000005949e+02
32	2.22332945140064794032e+02	-2.74299351999999878327e-03	2.25075945140000015954e+02
33	2.17494958100000019385e+02	-2.09499999999999877293e-03	2.19589958100000018248e+02
34	2.13304958100000021659e+02	-2.09499999999999877293e-03	2.15399958100000020522e+02
35	2.09114958099999995511e+02	-2.09500000000002739586e-03	2.11209958100000022796e+02
36	2.04924958099999969363e+02	-2.09499999999999877293e-03	2.07019958099999968226e+02
37	2.00734958100191676067e+02	-2.09498082999998299844e-03	2.02829958099999970500e+02
38	1.98461996440000007169e+02	-1.78000000000011482371e-04	1.98639996440000004441e+02
39	1.98105996439999984204e+02	-1.77999999999997279322e-04	1.98283996439999981476e+02
 * Atmosphere general properties (Band number, Trans scat mol, Trans abs gaz total, Opt depth total aer, Aerosol scattering albedo, Trans UpDown, Number of aerosols, albedo(Aerosol: 1 ), Henyey-Greenstien parameters1 (a, g1, g2))*
0 	1.000000e+00	8.619935e-01	2.521348e-02	8.689104e-01	7.524609e-01	1	8.689104e-01	1.000000e+00	8.103671e-01	0.000000e+00
 * Optical properties per layer (band, layer, CE_mol, alb_diff_mol, CE_aer, alb_diff_aer, diff_proportion_aer[1], CubicPolynomialCoefficientDiff_mol[4], CubicPolynomialCoefficientAbs_mol[4], CubicPolynomialCoefficientTotal_aero[4], CubicPolynomialCoefficientTotal_Extinction[4]) *
0	0	2.51923306473296949491e-05	0.00000000000000000000e+00	1.09396382428093008734e-05	8.68910396600000023426e-01	1.00000000000000000000e+00	0.00000000000000000000e+00	0.00000000000000000000e+00	0.00000000000000000000e+00	0.00000000000000000000e+00	1.26127432003270146901e-13	2.31688700956959804117e-09	-2.63823060101153110488e-05	1.25961653236648478404e-02	6.49508587212271901953e-14	2.14936924507395226271e-09	-1.20305605800265834966e-05	5.46981912140465011823e-03	1.91078290724566718991e-13	4.46625625464349570996e-09	-3.84128665901418945455e-05	1.80659844450694988260e-02
0	1	2.27116940807162039204e-05	0.00000000000000000000e+00	8.69613279742305983423e-06	8.68910396600000023426e-01	1.00000000000000000000e+00	0.00000000000000000000e+00	0.00000000000000000000e+00	0.00000000000000000000e+00	0.00000000000000000000e+00	3.00726845403331810879e-14	2.50322234938394719924e-09	-2.39708234265432616923e-05	1.13558470403581027869e-02	5.63423068997842568112e-14	2.24451963352741062604e-09	-9.83247819091171171041e-06	4.34806639871153019494e-03	8.64149914401313218510e-14	4.74774198291134789911e-09	-3.38033016174549717087e-05	1.57039134390696347165e-02
0	2	2.04753423726199055524e-05	0.00000000000000000000e+00	6.85835101397965916421e-06	8.68910396600000023426e-01	1.00000000000000000000e+00	0.00000000000000000000e+00	0.00000000000000000000e+00	0.00000000000000000000e+00	0.00000000000000000000e+00	-2.43634617606569583953e-14	1.95159011314864248043e-09	-2.14450465637540652649e-05	1.02376711863099521121e-02	3.12627102230164639662e-14	1.35907027134809978010e-09	-7.54570182720946318160e-06	3.42917550698982947707e-03	6.89924846233869147592e-15	3.31066038449675839055e-09	-2.89907483909635284465e-05	1.36668466932997820229e-02
0	3	1.85536644190095635491e-05	0.00000000000000000000e+00	5.45019744507613712099e-06	8.68910396600000023426e-01	1.00000000000000000000e+00	0.00000000000000000000e+00	0.00000000000000000000e+00	0.00000000000000000000e+00	0.00000000000000000000e+00	5.62771577533593941170e-15	1.91331539794503184153e-09	-1.95117290469259141721e-05	9.27683220950478205913e-03	3.51073627151560182430e-14	1.40842047487834978226e-09	-6.16318452319410140991e-06	2.72509872253806845546e-03	4.07350784904503255205e-14	3.32173587282341119550e-09	-2.56749135701200172761e-05	1.20019309320428500809e-02
0	4	1.68091743986739532212e-05	0.00000000000000000000e+00	4.21736647174216400290e-06	8.68910396599999912404e-01	1.00000000000000000000e+00	0.00000000000000000000e+00	0.00000000000000000000e+00	0.00000000000000000000e+00	0.00000000000000000000e+00	1.84001537252009851357e-14	1.56083685008825498910e-09	-1.75941928621493816516e-05	8.40458719933697730176e-03	2.35467533191424660571e-14	1.01036073241486959001e-09	-4.72843352627938468745e-06	2.10868323587108186593e-03	4.19469070443434511928e-14	2.57119758250312664706e-09	-2.23226263884287671861e-05	1.05132704352080587340e-02
0	5	1.52210053373721903273e-05	0.00000000000000000000e+00	3.17055974277192235394e-06	8.68910396600000023426e-01	1.00000000000000000000e+00	0.00000000000000000000e+00	0.00000000000000000000e+00	0.00000000000000000000e+00	0.00000000000000000000e+00	1.09322325439059620289e-14	1.59163500251811806326e-09	-1.60195558967672272007e-05	7.61050266868609510268e-03	2.47639091036470900156e-14	1.04732401765464742993e-09	-3.70041272887515801694e-06	1.58527987138596120238e-03	3.56961416475565198770e-14	2.63895902017276487280e-09	-1.97199686256423839471e-05	9.19578254007205608822e-03
0	6	1.38284896936941812144e-05	0.00000000000000000000e+00	2.33490970017985634069e-06	8.68910396599999912404e-01	1.00000000000000000000e+00	0.00000000000000000000e+00	0.00000000000000000000e+00	0.00000000000000000000e+00	0.00000000000000000000e+00	-7.63559377631173369252e-15	1.18628184918214639940e-09	-1.44197217198411781425e-05	6.91424484684709066140e-03	1.25046933373146317477e-14	5.92959811757179743272e-10	-2.63451577939277520945e-06	1.16745485008992819914e-03	4.86909956098902120298e-15	1.77924166093933482807e-09	-1.70542374992339529284e-05	8.08169969693701972790e-03
0	7	1.26514287760608803844e-05	0.00000000000000000000e+00	1.72214676473091681341e-06	8.68910396600000023426e-01	1.00000000000000000000e+00	0.00000000000000000000e+00	0.00000000000000000000e+00	0.00000000000000000000e+00	0.00000000000000000000e+00	6.34443281563590266565e-16	1.17515835821998470209e-09	-1.32391665659912648352e-05	6.32571438803043988724e-03	1.39568810432425665185e-14	6.13082925281763688271e-10	-2.03217744763260934251e-06	8.61073382365458374517e-04	1.45913243247836042379e-14	1.78824128350176793250e-09	-1.52713440136238754483e-05	7.18678777039589815334e-03
0	0	1.03418256709058813798e-05	0.00000000000000000000e+00	8.55503786277697713628e-07	8.68910396600000023426e-01	1.00000000000000000000e+00	0.00000000000000000000e+00	0.00000000000000000000e+00	0.00000000000000000000e+00	0.00000000000000000000e+00	-5.74977029923770900740e-14	9.75848758186866991810e-10	-1.20635323753101072450e-05	2.06836513418117637353e-02	0.00000000000000000000e+00	2.76561537645357965807e-10	-1.40862686156841361216e-06	1.71100757255539552212e-03	-1.28667651126959497350e-13	1.39475019210138967220e-09	-1.34721592368785208571e-05	2.23946589143671596911e-02
0	1	7.73499498394039351778e-06	0.00000000000000000000e+00	4.48929712662917681639e-07	8.68910396600000023426e-01	1.00000000000000000000e+00	0.00000000000000000000e+00	0.00000000000000000000e+00	0.00000000000000000000e+00	0.00000000000000000000e+00	-2.62182803551619898782e-14	6.09993957975709998492e-10	-8.85010977847116448987e-06	1.54699899678807858971e-02	1.35500632417372635457e-14	4.19652689477220826941e-11	-5.87060503525310923329e-07	8.97859425325835407324e-04	-1.26682171134239942695e-14	6.51959226923430000310e-10	-9.43717028199647509556e-06	1.63678493932066203287e-02
0	2	5.90717949518928116633e-06	0.00000000000000000000e+00	1.55480559417840720368e-07	8.68910396600000023426e-01	1.00000000000000000000e+00	0.00000000000000000000e+00	0.00000000000000000000e+00	0.00000000000000000000e+00	0.00000000000000000000e+00	-1.70896323085519522859e-14	4.42966172437597475542e-10	-6.72475331083026827013e-06	1.18143589903785626444e-02	-8.10995891138218285977e-15	6.67789725306317250974e-11	-2.56598668833575440367e-07	3.10961118835681427607e-04	-2.51995912199341745887e-14	5.09745144968229239413e-10	-6.98135197966384360462e-06	1.21253201092142437467e-02
0	3	4.46963960326116326862e-06	0.00000000000000000000e+00	6.43818162092503654579e-08	8.68910396599999912404e-01	1.00000000000000000000e+00	0.00000000000000000000e+00	0.00000000000000000000e+00	0.00000000000000000000e+00	0.00000000000000000000e+00	1.38441956246248418282e-14	3.16473911511419389622e-10	-5.15796420878250192388e-06	8.93927920652232664567e-03	-1.71153190786350974553e-15	1.46332985349191999447e-11	-8.68022856476347344930e-08	1.28763632418500733245e-04	1.21326637167610060859e-14	3.31107210046339781870e-10	-5.24476649443013684366e-06	9.06804283894082664708e-03
0	4	3.11480311563453248711e-06	0.00000000000000000000e+00	4.03163149705381423428e-08	8.68910396600000023426e-01	1.00000000000000000000e+00	0.00000000000000000000e+00	0.00000000000000000000e+00	0.00000000000000000000e+00	0.00000000000000000000e+00	-1.43695480276570804714e-14	3.34306645858710981966e-10	-3.72593821524132604679e-06	6.22960623126906504199e-03	-4.57493930736266510661e-16	5.16056757736347826951e-12	-4.88074744023200370482e-08	8.06326299410762816150e-05	-1.48270419583929491990e-14	3.39467213436073364867e-10	-3.77474568964364601766e-06	6.31023886121014152689e-03
0	5	2.14293801345908083492e-06	0.00000000000000000000e+00	3.07259053882634118257e-08	8.68910396600000023426e-01	1.00000000000000000000e+00	0.00000000000000000000e+00	0.00000000000000000000e+00	0.00000000000000000000e+00	0.00000000000000000000e+00	-9.00857963070716588826e-15	2.27121256601057467983e-10	-2.56114620813836689825e-06	4.28587602691816137168e-03	-3.22496353093163132135e-16	2.10960564290528304150e-12	-3.36551312617013223439e-08	6.14518107765268267219e-05	-9.33107598379999040185e-15	2.29230862243961734820e-10	-2.59480133940006806839e-06	4.34732783769468857787e-03
0	6	1.46146530443552044782e-06	0.00000000000000000000e+00	3.33487277712058683168e-08	8.68910396600000023426e-01	1.00000000000000000000e+00	0.00000000000000000000e+00	0.00000000000000000000e+00	0.00000000000000000000e+00	0.00000000000000000000e+00	-5.83588811973881663230e-15	1.61321192673028766693e-10	-1.76076413730262281993e-06	2.92293060887104105827e-03	-4.95927417622269817322e-16	-1.13917658675931776895e-12	-2.90866649271981502290e-08	6.66974555424117371630e-05	-6.33181553736110370596e-15	1.60182016086269519404e-10	-1.78985080222982105619e-06	2.98962806441345268701e-03
0	7	9.65889202622271211940e-07	0.00000000000000000000e+00	4.32339810364889344102e-08	8.68910396600000023426e-01	1.00000000000000000000e+00	0.00000000000000000000e+00	0.00000000000000000000e+00	0.00000000000000000000e+00	0.00000000000000000000e+00	-5.17660620542523252381e-15	1.20163623123401678908e-10	-1.18551002404737356041e-06	1.93177840524454223076e-03	0.00000000000000000000e+00	-1.81974037539313524976e-12	-3.95945002857026622628e-08	8.64679620729778673381e-05	-4.67028821197730898133e-15	1.17331246761112668515e-10	-1.22510452433307625576e-06	2.01824636731752016586e-03
0	8	6.14089819835973867011e-07	0.00000000000000000000e+00	3.83074725660681929332e-08	8.68910396600000023426e-01	1.00000000000000000000e+00	0.00000000000000000000e+00	0.00000000000000000000e+00	0.00000000000000000000e+00	0.00000000000000000000e+00	-4.99594115733098563575e-15	8.64343754061098448613e-11	-7.66974806018869678849e-07	1.22817963967194782211e-03	-5.32918194338427108846e-17	3.37694226257534577471e-12	-4.48481898134835104451e-08	7.66149451321363812078e-05	-5.04923297676485900744e-15	8.98113176686852871673e-11	-8.11822995832353215763e-07	1.30479458480408424398e-03
0	9	3.93740929957344548344e-07	0.00000000000000000000e+00	2.31601920674549628951e-08	8.68910396600000023426e-01	1.00000000000000000000e+00	0.00000000000000000000e+00	0.00000000000000000000e+00	0.00000000000000000000e+00	0.00000000000000000000e+00	-2.06755611377250987425e-15	4.78589463900737963956e-11	-4.81188598282402140474e-07	7.87481859914689074666e-04	-1.83933142030393434381e-16	4.77773154852742561410e-12	-3.19799225963882425506e-08	4.63203841349099266372e-05	-2.25148925580293375373e-15	5.26366779386013173293e-11	-5.13168520878790396259e-07	8.33802244049599021632e-04
0	10	2.59074702967265369595e-07	0.00000000000000000000e+00	1.08272561943880879766e-08	8.68910396600000023426e-01	1.00000000000000000000e+00	0.00000000000000000000e+00	0.00000000000000000000e+00	0.00000000000000000000e+00	0.00000000000000000000e+00	-3.45929320678739005986e-15	3.46629779736305934419e-11	-3.14563486087377032150e-07	5.18149405934530756131e-04	-4.40085744800685215514e-16	3.00464044572895738097e-12	-1.50761941066432623345e-08	2.16545123887761765090e-05	-3.89937895158809775791e-15	3.76676184193596251399e-11	-3.29639680194020291175e-07	5.39803918323306878430e-04
0	11	1.84576759177763017763e-07	0.00000000000000000000e+00	6.79416580786290037594e-09	8.68910396600000023426e-01	1.00000000000000000000e+00	0.00000000000000000000e+00	0.00000000000000000000e+00	0.00000000000000000000e+00	0.00000000000000000000e+00	-2.96247427883478254449e-16	1.70156616040371288240e-11	-2.17423092674303332079e-07	3.69153518355526031290e-04	-1.20677704783661302236e-17	7.96383267693110315613e-13	-8.33866126133565645254e-09	1.35883316157258013607e-05	-3.08315198361834212681e-16	1.78120448717302064240e-11	-2.25761753935638983568e-07	3.82741849971251829263e-04
0	12	1.23384843432722135873e-07	0.00000000000000000000e+00	3.89175203863438427923e-09	8.68910396600000023426e-01	1.00000000000000000000e+00	0.00000000000000000000e+00	0.00000000000000000000e+00	0.00000000000000000000e+00	0.00000000000000000000e+00	-2.45852572766503760548e-16	1.52569911255502187360e-11	-1.52915415392756564526e-07	2.46769686865444277252e-04	-1.05920578139870574476e-17	7.24278814462586816634e-13	-5.29794143630360882165e-09	7.78350407726876817466e-06	-2.56444630580501427559e-16	1.59812699400128319069e-11	-1.58213356829060161767e-07	2.54553190942713057285e-04
0	13	7.90798258087714147225e-08	0.00000000000000000000e+00	2.04838368261172576353e-09	8.68910396600000134448e-01	1.00000000000000000000e+00	0.00000000000000000000e+00	0.00000000000000000000e+00	0.00000000000000000000e+00	0.00000000000000000000e+00	-1.43669751210351378501e-16	8.16626747991187507078e-12	-9.48376817637537526415e-08	1.58159651617542830080e-04	-3.92665684475040764930e-18	2.47626908494190789544e-13	-2.52793087222110601171e-09	4.09676736522345193733e-06	-1.47596408055100936430e-16	8.41389438840606278061e-12	-9.73656126359748578261e-08	1.62256418982766287100e-04
0	14	4.97378636860647360291e-08	0.00000000000000000000e+00	1.14926895701597057167e-09	8.68910396600000023426e-01	1.00000000000000000000e+00	0.00000000000000000000e+00	0.00000000000000000000e+00	0.00000000000000000000e+00	0.00000000000000000000e+00	-1.15830928801271330361e-16	7.31105444388541283218e-12	-6.38966488586304694064e-08	9.94757273721294657054e-05	-3.32306653002838926054e-18	2.24283214742745453782e-13	-1.58454312038134787295e-09	2.29853791403194096797e-06	-1.19153995331298031737e-16	7.53533765862815046046e-12	-6.54811919790118181066e-08	1.01774265286161410909e-04
0	15	2.51706744654125954494e-08	0.00000000000000000000e+00	4.15450941783787846308e-10	8.68910396600000023426e-01	1.00000000000000000000e+00	0.00000000000000000000e+00	0.00000000000000000000e+00	0.00000000000000000000e+00	0.00000000000000000000e+00	-1.07252630058443368727e-15	7.58091648281460906052e-12	-3.60424022287040790414e-08	5.03413489308251902105e-05	0.00000000000000000000e+00	1.55918058993459455400e-13	-7.27287059770706786997e-10	8.30901883567575718259e-07	-1.11746390674102933519e-15	7.82670975412126194168e-12	-3.67696892884747862420e-08	5.11722508143927642347e-05
0	16	1.43465872860212466821e-08	0.00000000000000000000e+00	2.41874386167493371773e-10	8.68910396600000023426e-01	1.00000000000000000000e+00	0.00000000000000000000e+00	0.00000000000000000000e+00	0.00000000000000000000e+00	0.00000000000000000000e+00	-3.57608013356657566183e-17	2.19275391189013055732e-12	-1.85890519044588445252e-08	2.86931745720424919083e-05	-3.20434817780086969424e-19	2.13863007634387278139e-14	-2.83365248423250453981e-10	4.83748772334986727002e-07	-3.60812361534456052539e-17	2.21414021265356864142e-12	-1.88724171528820941003e-08	2.91769233443774786353e-05
0	17	6.41007175183760955755e-09	0.00000000000000000000e+00	1.63848717059674112442e-10	8.68910396600000023426e-01	1.00000000000000000000e+00	0.00000000000000000000e+00	0.00000000000000000000e+00	0.00000000000000000000e+00	0.00000000000000000000e+00	-2.96093045590662870879e-17	1.97776566966248370088e-12	-1.02471658729263113674e-08	1.28201435036752184798e-05	-2.81551414229354194374e-19	1.94713758900499361057e-14	-2.01665263182856571097e-10	3.27697434119348224884e-07	-2.98908559732953743965e-17	1.99723704555253297119e-12	-1.04488311361091672922e-08	1.31478409377945663341e-05
0	18	2.10110772142627007225e-09	0.00000000000000000000e+00	1.12761877754728985164e-10	8.68910396600000023426e-01	1.00000000000000000000e+00	0.00000000000000000000e+00	0.00000000000000000000e+00	0.00000000000000000000e+00	0.00000000000000000000e+00	-5.19906909107285448806e-18	3.05551701961596185838e-13	-2.69141484898517120063e-09	4.20221544285254044229e-06	-1.13790301710021767940e-19	7.42583002276009750501e-15	-1.27158376593409079914e-10	2.25523755509457958127e-07	-5.31285939278287004488e-18	3.12977531984356280187e-13	-2.81857322557858007375e-09	4.42773919836199824159e-06
0	19	1.00392833264816400405e-09	0.00000000000000000000e+00	8.57115424316902512423e-11	8.68910396600000023426e-01	1.00000000000000000000e+00	0.00000000000000000000e+00	0.00000000000000000000e+00	0.00000000000000000000e+00	0.00000000000000000000e+00	-4.88211254245139990159e-18	2.73598493876651130439e-13	-1.53159687023166069850e-09	2.00785666529632781288e-06	-9.70493231511723117177e-20	6.74859749190169249593e-15	-9.88205401228889528583e-11	1.71423084863380497315e-07	-4.97916186560272487936e-18	2.80347091368553277319e-13	-1.63041741035454954796e-09	2.17927975015970812491e-06
0	20	1.33541021150682296232e-10	0.00000000000000000000e+00	6.23176472540606053502e-11	8.68910396600000023426e-01	1.00000000000000000000e+00	0.00000000000000000000e+00	0.00000000000000000000e+00	0.00000000000000000000e+00	0.00000000000000000000e+00	0.00000000000000000000e+00	6.17543954114058552849e-14	-2.57049811973494007004e-10	2.67082042301364610661e-07	-7.37116021631877290133e-19	6.81077943278157947176e-15	-7.29907420330962459269e-11	1.24635294508121206564e-07	0.00000000000000000000e+00	6.56167107576599304064e-14	-3.27092089920062774108e-10	3.91717336809485817226e-07
0	21	5.35991626467081950724e-12	0.00000000000000000000e+00	4.86025923009022918018e-11	8.68910396600000134448e-01	1.00000000000000000000e+00	0.00000000000000000000e+00	0.00000000000000000000e+00	0.00000000000000000000e+00	0.00000000000000000000e+00	-4.62993550274461552653e-19	3.26214413214881276996e-15	-1.00322303278706000002e-11	1.07198325293416387689e-08	-4.42149850470421460062e-20	3.08364210041916850668e-15	-5.45930165615524565210e-11	9.72051846018045823629e-08	-5.07208535321503349584e-19	6.34578623256798127663e-15	-6.46252468894230549055e-11	1.07925017131146221132e-07
0	22	3.45478570330009966361e-12	0.00000000000000000000e+00	3.73065907136104084655e-11	8.68910396600000023426e-01	1.00000000000000000000e+00	0.00000000000000000000e+00	0.00000000000000000000e+00	0.00000000000000000000e+00	0.00000000000000000000e+00	3.74110890279606986455e-20	-5.32426828421528509992e-16	-2.53957640256888563898e-12	6.90957140660019920444e-09	-3.89596367814940902502e-20	2.81913790697792739005e-15	-4.27890279804402896708e-11	7.46131814272208160004e-08	-1.54854775353608132388e-21	2.28671107855640805057e-15	-4.53286043830091761176e-11	8.15227528338210152049e-08
0	23	2.02072546593425015720e-12	0.00000000000000000000e+00	2.86974977307953444494e-11	8.68910396600000023426e-01	1.00000000000000000000e+00	0.00000000000000000000e+00	0.00000000000000000000e+00	0.00000000000000000000e+00	0.00000000000000000000e+00	0.00000000000000000000e+00	0.00000000000000000000e+00	0.00000000000000000000e+00	0.00000000000000000000e+00	-2.42389792515598653506e-20	1.68972509005869937978e-15	-3.19799919939065070449e-11	5.73949954615906911218e-08	6.10905586061008434189e-20	2.61887860533598958839e-15	-3.62003426418259796389e-11	6.14364463934591901179e-08
0	24	0.00000000000000000000e+00	0.00000000000000000000e+00	2.25065453167572875559e-11	8.68910396600000023426e-01	1.00000000000000000000e+00	0.00000000000000000000e+00	0.00000000000000000000e+00	0.00000000000000000000e+00	0.00000000000000000000e+00	0.00000000000000000000e+00	0.00000000000000000000e+00	0.00000000000000000000e+00	0.00000000000000000000e+00	-2.10872798674681474156e-20	1.54488159370150741733e-15	-2.55119593846904260422e-11	4.50130906335145723717e-08	1.35497582929297365888e-19	9.71602934367170570342e-16	-2.49917415172088136456e-11	4.50130906335145723717e-08
0	25	1.03894910352197815070e-12	0.00000000000000000000e+00	1.70582243960167211561e-11	8.68910396600000023426e-01	1.00000000000000000000e+00	0.00000000000000000000e+00	0.00000000000000000000e+00	0.00000000000000000000e+00	0.00000000000000000000e+00	0.00000000000000000000e+00	0.00000000000000000000e+00	0.00000000000000000000e+00	0.00000000000000000000e+00	-1.34912541082715367464e-19	1.53345306830407856392e-15	-1.95854803682940141404e-11	3.41164487920334400891e-08	7.90306358558708744853e-20	5.33031370813191205258e-16	-1.94793587845885637723e-11	3.61943469990773969688e-08
0	26	1.38078029974580500541e-12	0.00000000000000000000e+00	1.34216407841687592943e-11	8.68910396600000023426e-01	1.00000000000000000000e+00	0.00000000000000000000e+00	0.00000000000000000000e+00	0.00000000000000000000e+00	0.00000000000000000000e+00	0.00000000000000000000e+00	-2.62666083753698668307e-17	-1.32824708299506538727e-12	2.76156059949161015299e-09	-1.14469110493092991332e-20	8.47382724049380383721e-16	-1.50706185880702827194e-11	2.68432815683375193125e-08	-1.50340116842983542455e-19	1.09890252726135982099e-15	-1.63988656710653489145e-11	2.96048421678291282247e-08
0	27	2.24115197334920187823e-12	0.00000000000000000000e+00	1.03013274109161440182e-11	8.68910396600000023426e-01	1.00000000000000000000e+00	0.00000000000000000000e+00	0.00000000000000000000e+00	0.00000000000000000000e+00	0.00000000000000000000e+00	0.00000000000000000000e+00	-1.26132816838982239234e-16	-1.98888633967123755793e-12	4.48230394669840385340e-09	-1.01880558530929385420e-20	7.78937718480350883523e-16	-1.18184506244644740115e-11	2.06026548218322891738e-08	0.00000000000000000000e+00	6.32428789935181986096e-16	-1.38073369641357115694e-11	2.50849587685306938544e-08
0	28	0.00000000000000000000e+00	0.00000000000000000000e+00	8.07119771983530082425e-12	8.68910396600000023426e-01	1.00000000000000000000e+00	0.00000000000000000000e+00	0.00000000000000000000e+00	0.00000000000000000000e+00	0.00000000000000000000e+00	0.00000000000000000000e+00	0.00000000000000000000e+00	0.00000000000000000000e+00	0.00000000000000000000e+00	-5.23565361396505523747e-21	3.87350657700372102710e-16	-8.82495642078018571194e-12	1.61423954396706029927e-08	0.00000000000000000000e+00	0.00000000000000000000e+00	0.00000000000000000000e+00	0.00000000000000000000e+00
0	29	0.00000000000000000000e+00	0.00000000000000000000e+00	6.64441165133494399917e-12	8.68910396600000023426e-01	1.00000000000000000000e+00	0.00000000000000000000e+00	0.00000000000000000000e+00	0.00000000000000000000e+00	0.00000000000000000000e+00	0.00000000000000000000e+00	0.00000000000000000000e+00	0.00000000000000000000e+00	0.00000000000000000000e+00	-4.56622319117866904242e-21	3.56117437388024275303e-16	-7.33838163334627763192e-12	1.32888233026698882181e-08	0.00000000000000000000e+00	0.00000000000000000000e+00	0.00000000000000000000e+00	0.00000000000000000000e+00
0	30	0.00000000000000000000e+00	0.00000000000000000000e+00	5.32743954149909181436e-12	8.68910396600000023426e-01	1.00000000000000000000e+00	0.00000000000000000000e+00	0.00000000000000000000e+00	0.00000000000000000000e+00	0.00000000000000000000e+00	0.00000000000000000000e+00	0.00000000000000000000e+00	0.00000000000000000000e+00	0.00000000000000000000e+00	-4.05920636558932953579e-21	3.28751923025795037976e-16	-5.96870656208832411835e-12	1.06548790829981839131e-08	0.00000000000000000000e+00	0.00000000000000000000e+00	0.00000000000000000000e+00	0.00000000000000000000e+00
0	31	0.00000000000000000000e+00	0.00000000000000000000e+00	4.10806182734959603840e-12	8.68910396600000023426e-01	1.00000000000000000000e+00	0.00000000000000000000e+00	0.00000000000000000000e+00	0.00000000000000000000e+00	0.00000000000000000000e+00	0.00000000000000000000e+00	0.00000000000000000000e+00	0.00000000000000000000e+00	0.00000000000000000000e+00	-3.62457694923771750683e-21	3.04422913409785090364e-16	-4.70240934637221563204e-12	8.21612365469919267133e-09	0.00000000000000000000e+00	0.00000000000000000000e+00	0.00000000000000000000e+00	0.00000000000000000000e+00
0	32	2.79111448379735000885e-19	0.00000000000000000000e+00	2.97582362940852713997e-12	8.68910396600000023426e-01	1.00000000000000000000e+00	0.00000000000000000000e+00	0.00000000000000000000e+00	0.00000000000000000000e+00	0.00000000000000000000e+00	0.00000000000000000000e+00	0.00000000000000000000e+00	0.00000000000000000000e+00	0.00000000000000000000e+00	-3.28376651707233606515e-21	2.82762026391845142069e-16	-3.52821261612392820724e-12	5.95164725881705398267e-09	0.00000000000000000000e+00	0.00000000000000000000e+00	0.00000000000000000000e+00	0.00000000000000000000e+00
0	33	6.09285796910909488554e-11	0.00000000000000000000e+00	2.20538619465687690025e-12	8.68910396600000023426e-01	1.00000000000000000000e+00	0.00000000000000000000e+00	0.00000000000000000000e+00	0.00000000000000000000e+00	0.00000000000000000000e+00	-2.63619152718458069663e-18	-2.51777258689701173919e-14	-2.83618444123779984993e-14	1.21857159382181899365e-07	-1.43054590692652321149e-21	1.18452848866122382972e-16	-2.43656970876141567847e-12	4.41077238931375375526e-09	-2.63762207309150405315e-18	-2.50592730201040074581e-14	-2.46493155317379362648e-12	1.26267931771495651466e-07
0	34	2.09784934572531112472e-10	0.00000000000000000000e+00	1.76506343594106819372e-12	8.68910396600000023426e-01	1.00000000000000000000e+00	0.00000000000000000000e+00	0.00000000000000000000e+00	0.00000000000000000000e+00	0.00000000000000000000e+00	2.98698138863135179153e-19	-3.93030817407379108860e-14	-1.32373563646507822514e-10	4.19569869145062219567e-07	-1.25460624328183642070e-21	1.09939926606051833289e-16	-1.97992486418004450535e-12	3.53012687188213657808e-09	2.97443532619860894484e-19	-3.91931418141318851590e-14	-1.34353488510687872270e-10	4.23099996016944373516e-07
0	35	3.54779150581640192412e-10	0.00000000000000000000e+00	1.35490266343450864460e-12	8.68910396600000023426e-01	1.00000000000000000000e+00	0.00000000000000000000e+00	0.00000000000000000000e+00	0.00000000000000000000e+00	0.00000000000000000000e+00	1.70802613162078673942e-18	-3.78048710825107493336e-14	-2.86001512943101847290e-10	7.09558301163280410467e-07	-1.13017089255994204165e-21	1.02419226405475165539e-16	-1.55522043267521922796e-12	2.70980532686901741846e-09	1.70689596072824037311e-18	-3.77024518561053021849e-14	-2.87556733375777070557e-10	7.12268106490149455182e-07
0	36	4.50987466359985676878e-10	0.00000000000000000000e+00	9.71904267511430893271e-13	8.68910396600000023426e-01	1.00000000000000000000e+00	0.00000000000000000000e+00	0.00000000000000000000e+00	0.00000000000000000000e+00	0.00000000000000000000e+00	0.00000000000000000000e+00	-1.71313913331451370032e-14	-4.16724683693695406204e-10	9.01974932719971354584e-07	-1.02169347849531906036e-21	9.56440420832941481616e-17	-1.15910557776403791685e-12	1.94380853502286194810e-09	0.00000000000000000000e+00	-1.70377906780188541154e-14	-4.17883789271459421099e-10	9.03918741254994235557e-07
0	37	3.13622730085300426311e-10	0.00000000000000000000e+00	6.13434115685370447440e-13	8.68910396600000023426e-01	1.00000000000000000000e+00	0.00000000000000000000e+00	0.00000000000000000000e+00	0.00000000000000000000e+00	0.00000000000000000000e+00	0.00000000000000000000e+00	0.00000000000000000000e+00	0.00000000000000000000e+00	0.00000000000000000000e+00	-7.88783375970784668072e-22	8.92553744956588658369e-17	-7.88789731172805086629e-13	1.22686823137074094658e-09	0.00000000000000000000e+00	7.19977471471745016012e-14	-4.58231658495334767447e-10	6.28472328401971545178e-07
0	38	0.00000000000000000000e+00	0.00000000000000000000e+00	3.63228724608486254474e-14	8.68910396600000023426e-01	1.00000000000000000000e+00	0.00000000000000000000e+00	0.00000000000000000000e+00	0.00000000000000000000e+00	0.00000000000000000000e+00	0.00000000000000000000e+00	0.00000000000000000000e+00	0.00000000000000000000e+00	0.00000000000000000000e+00	0.00000000000000000000e+00	0.00000000000000000000e+00	0.00000000000000000000e+00	0.00000000000000000000e+00	0.00000000000000000000e+00	0.00000000000000000000e+00	0.00000000000000000000e+00	0.00000000000000000000e+00
0	39	0.00000000000000000000e+00	0.00000000000000000000e+00	0.00000000000000000000e+00	0.00000000000000000000e+00	1.00000000000000000000e+00	0.00000000000000000000e+00	0.00000000000000000000e+00	0.00000000000000000000e+00	0.00000000000000000000e+00	0.00000000000000000000e+00	0.00000000000000000000e+00	0.00000000000000000000e+00	0.00000000000000000000e+00	0.00000000000000000000e+00	0.00000000000000000000e+00	0.00000000000000000000e+00	0.00000000000000000000e+00	0.00000000000000000000e+00	0.00000000000000000000e+00	0.00000000000000000000e+00	0.00000000000000000000e+00
