2	0 0.00000000000000000000e+00
2	1 6.69420858136525320775e-06
2	2 2.67686784634703603034e-05
2	3 6.01989519969968204442e-05
2	4 1.06944299543182858329e-04
2	5 1.66947769096615196514e-04
2	6 2.40136255672465003452e-04
2	7 3.26420590373665219473e-04
2	8 4.25695649029462792196e-04
2	9 5.37840480273038177260e-04
2	10 6.62718452902105433291e-04
2	11 8.00177422342995543596e-04
2	12 9.50049916015375216227e-04
2	13 1.11215333737179093362e-03
2	14 1.28629018836344012622e-03
2	15 1.47224831006111328904e-03
2	16 1.66980114113817672099e-03
2	17 1.87870799390064198604e-03
2	18 2.09871434752805039597e-03
2	19 2.32955215816789190306e-03
2	20 2.57094018550573693085e-03
2	21 2.82258433541325050309e-03
2	22 3.08417801825658062856e-03
2	23 3.35540252242860249920e-03
2	24 3.63592740264991011109e-03
2	25 3.92541088256550228797e-03
2	26 4.22350027114661279865e-03
2	27 4.52983239239040588742e-03
2	28 4.84403402779399246819e-03
2	29 5.16572237106368344767e-03
2	30 5.49450549450549406705e-03
2	31 5.82998282652867280684e-03
2	32 6.17174563968046936691e-03
2	33 6.51937754861758259756e-03
2	34 6.87245501740756277453e-03
2	35 7.23054787554210185579e-03
2	36 7.59321984203354619775e-03
2	37 7.96002905695605486591e-03
2	38 8.33052861978387376718e-03
2	39 8.70426713387077895245e-03
2	40 9.08078925640736119018e-03
2	41 9.45963625318609578618e-03
2	42 9.84034655749831815852e-03
2	43 1.02224563324821438037e-02
2	44 1.06055000362362556593e-02
2	45 1.09890109890109881341e-02
2	46 1.13725219417857258131e-02
2	47 1.17555656455398428728e-02
2	48 1.21376754205236667833e-02
2	49 1.25183857248358856862e-02
2	50 1.28972327216146220169e-02
2	51 1.32737548441512042546e-02
2	52 1.36474933582381094399e-02
2	53 1.40179929210659283412e-02
2	54 1.43848021359884378767e-02
2	55 1.47474741024798787492e-02
2	56 1.51055669606144186978e-02
2	57 1.54586444294043997422e-02
2	58 1.58062763383415121055e-02
2	59 1.61480391514933104002e-02
2	60 1.64835164835164839359e-02
2	61 1.68122996069582954226e-02
2	62 1.71339879502279898715e-02
2	63 1.74481895856315738502e-02
2	64 1.77545217068753695411e-02
2	65 1.80526110954564791844e-02
2	66 1.83420945753720726623e-02
2	67 1.86226194555933789732e-02
2	68 1.88938439597653995428e-02
2	69 1.91554376426087274998e-02
2	70 1.94070817925162432405e-02
2	71 1.96484698198540891356e-02
2	72 1.98793076304939336785e-02
2	73 2.00993139841213405705e-02
2	74 2.03082208368838036672e-02
2	75 2.05057736679608720864e-02
2	76 2.06917317896585448156e-02
2	77 2.08658686406501918398e-02
2	78 2.10279720620066071235e-02
2	79 2.11778445556789866877e-02
2	80 2.13153035251198788580e-02
2	81 2.14401814977489453551e-02
2	82 2.15523263289925208486e-02
2	83 2.16516013876483157108e-02
2	84 2.17378857223495154660e-02
2	85 2.18110742089253663301e-02
2	86 2.18710776784787966354e-02
2	87 2.19178230260249871930e-02
2	88 2.19512532995585103734e-02
2	89 2.19713277694406176888e-02
2	90 2.19780219780219797376e-02
